Infinity
0.5476451
0.8924587
0.65125364
1.6064258
1.7211704
1.7211704
1.506024
0.7301935
0.4302926
1.7211704
0.47247815
1.6064258
1.7211704
0.52383447
1.8535681
1.7211704
1.8535681
1.6064258
1.7211704
1.7211704
1.6064258
0.33467203
1.6064258
1.6064258
1.6064258
1.4174343
1.8535681
1.6064258
1.6064258
1.6064258
1.7211704
1.6064258
1.506024
0.33467203
1.506024
1.4174343
0.92678404
1.506024
1.6064258
1.6064258
1.7211704
1.6064258
1.6064258
1.4174343
1.506024
1.7211704
1.6064258
1.6064258
1.7211704
1.6064258
0.53547525
1.7211704
1.6064258
1.6064258
1.6064258
2.008032
1.7211704
0.6341154
1.7211704
1.6064258
0.35964757
2.008032
1.004016
1.7211704
1.6064258
0.30501753
1.506024
1.506024
1.6064258
1.6064258
1.4174343
1.6064258
1.6064258
1.4174343
1.6064258
1.506024
1.506024
1.4174343
1.506024
0.33467203
1.6064258
0.4227436
Infinity
Infinity
1.4174343
1.004016
Infinity
0.14874312
Infinity
1.0952902
Infinity
Infinity
Infinity
Infinity
1.506024
1.3386881
1.7211704
1.7211704
1.3386881
0.70871717
1.4174343
1.7211704
1.8535681
1.2682308
1.6064258
1.7211704
1.4174343
0.40160644
0.6341154
1.2682308
1.0476689
4.8192773
1.2682308
1.0952902
0.51268905
1.2048193
1.2682308
1.506024
0.40160644
1.4174343
1.4174343
1.2682308
1.4174343
1.4174343
1.6064258
1.2682308
0.8605852
0.46339202
1.506024
1.4174343
0.40160644
1.4174343
1.6064258
1.7211704
1.506024
1.506024
1.2048193
0.83090985
1.6064258
1.4174343
1.2048193
0.502008
1.4174343
1.4174343
1.2682308
1.4174343
1.4174343
0.20420665
0.20420665
0.3129401
1.2682308
1.2682308
0.2834869
1.2682308
0.11640766
1.2682308
1.004016
1.2682308
1.3386881
1.6064258
1.2682308
1.6064258
1.506024
1.3386881
1.506024
1.4174343
1.8535681
1.0952902
1.004016
1.8535681
1.7211704
1.7211704
0.502008
1.7211704
1.7211704
1.4174343
0.34423408
1.7211704
1.4174343
0.41545492
1.4174343
1.8535681
1.7211704
0.4381161
1.7211704
0.48192772
1.7211704
1.6064258
1.2682308
1.506024
1.7211704
1.6064258
1.4174343
0.3170577
1.506024
0.4546488
1.7211704
1.506024
1.6064258
1.6064258
1.7211704
1.4174343
0.5476451
1.7211704
1.8535681
1.7211704
1.7211704
1.506024
1.7211704
1.7211704
1.6064258
0.40160644
1.7211704
2.008032
1.4174343
1.8535681
1.8535681
1.6064258
0.53547525
1.7211704
1.6064258
1.6064258
1.6064258
1.8535681
1.4174343
0.35964757
1.6064258
1.506024
1.506024
1.7211704
1.6064258
1.4174343
1.6064258
1.7211704
1.6064258
1.8535681
1.7211704
1.506024
1.2048193
1.4174343
1.4174343
1.7211704
1.506024
1.4174343
1.2682308
1.6064258
0.47247815
1.2682308
1.4174343
1.4174343
1.7211704
1.6064258
1.6064258
1.506024
1.506024
1.4174343
1.3386881
1.4174343
1.4174343
1.2048193
1.6064258
1.3386881
1.506024
1.4174343
1.506024
1.3386881
0.22311467
1.3386881
1.7211704
1.1474469
1.4174343
1.2682308
1.3386881
1.2682308
1.4174343
1.2048193
0.30120483
1.4174343
1.3386881
1.2682308
1.6064258
1.506024
1.4174343
1.6064258
1.506024
1.6064258
1.3386881
1.7211704
1.8535681
1.4174343
0.33938572
1.8535681
1.4174343
1.4174343
1.6064258
1.6064258
0.6341154
1.506024
1.506024
1.4174343
1.506024
1.506024
1.4174343
1.6064258
1.8535681
1.3386881
1.8535681
1.506024
1.7211704
1.4174343
1.4174343
1.506024
1.7211704
1.3386881
1.6064258
1.6064258
1.4174343
1.7211704
1.6064258
2.008032
0.58771676
1.6064258
1.4174343
0.70871717
1.6064258
0.92678404
1.6064258
2.008032
1.6064258
1.7211704
1.6064258
1.7211704
1.7211704
0.4546488
1.8535681
1.7211704
1.6064258
0.68846816
1.7211704
0.8605852
1.6064258
1.6064258
1.7211704
2.008032
1.7211704
1.7211704
0.53547525
1.506024
0.48192772
0.33938572
0.47247815
1.7211704
1.506024
12.048192
1.8535681
2.6773763
1.7211704
1.7211704
1.7211704
1.6064258
1.7211704
2.008032
0.40160644
2.008032
1.7211704
1.7211704
0.8032129
2.008032
0.47247815
1.7211704
1.7211704
0.7301935
1.004016
0.8032129
1.004016
1.6064258
1.2048193
2.4096386
1.6064258
1.7211704
1.8535681
Infinity
2.008032
1.7211704
0.4381161
0.41545492
0.502008
1.6064258
1.4174343
1.7211704
1.7211704
1.0476689
1.7211704
1.7211704
1.7211704
0.617856
0.41545492
1.506024
1.8535681
1.8535681
2.008032
0.6341154
1.7211704
1.7211704
4.8192773
1.6064258
1.7211704
0.41545492
2.008032
1.6064258
1.6064258
1.506024
1.7211704
1.7211704
1.6064258
0.8605852
1.7211704
1.6064258
1.6064258
0.37071362
1.6064258
1.1474469
0.32128513
1.6064258
1.506024
1.2048193
0.30501753
1.506024
1.2682308
0.34423408
1.506024
1.506024
0.66934407
1.6064258
1.6064258
0.617856
1.6064258
1.6064258
0.4302926
1.6064258
1.506024
1.6064258
1.8535681
1.506024
1.7211704
1.506024
1.6064258
0.0
0.0
0.0
0.0
0.0
0.0
0.0
0.0
0.0
0.0
0.0
0.0
0.0
0.0
0.0
0.0
0.0
0.0
0.0
0.0
0.0
0.0
0.0
0.0
0.0
0.0
0.0
0.0
0.0
0.0
0.0
0.0
0.0
0.0
0.0
0.0
0.0
0.0
0.0
0.0
0.0
0.0
0.0
0.0
0.0
0.0
0.0
0.0
0.0
0.0
0.0
0.0
